3
3
4
7
6
8
5
3
5
8
5
7
6
4
2
7
11
6
8
5
5
8
5
2
5
7
7
9
8
8
9
5
4
4
6
6
7
9
7
8
5
3
3
4
6
6
4
6
18
9
12
7
9
13
18
17
25
20
28
24
31
48
36
45
70
55
55
55
66
75
100
95
77
100
106
89
126
136
147
136
143
179
154
191
179
214
200
217
227
226
230
218
247
236
241
234
244
252
239
222
263
267
236
207
244
234
236
224
263
218
198
222
225
190
194
177
180
157
161
173
160
173
153
139
152
137
117
117
149
111
84
68
103
114
86
108
98
87
87
72
108
86
95
84
118
137
119
142
141
164
160
146
196
115
192
153
185
212
166
170
175
178
167
169
202
161
162
161
173
184
150
127
140
140
128
123
112
116
116
91
86
76
118
57
69
73
66
62
98
61
104
119
82
107
120
119
115
123
163
130
179
171
169
189
167
169
186
196
202
163
199
204
242
228
217
218
207
218
224
242
238
229
277
197
266
207
238
212
219
219
229
212
239
209
237
211
193
157
151
188
148
129
134
107
116
109
98
64
97
68
70
85
87
96
62
76
80
67
76
63
69
47
72
72
45
60
55
66
61
80
57
72
76
62
60
64
51
93
50
57
78
61
61
40
59
54
36
51
27
7
2
1
